# GIMP colorrc
# 
# This file holds a list of recently used colors.

(color-history
    (color-rgba 1 1 1 4.680654696166772e-310)
    (color-rgba 0 0 0 4.6607162712973971e-310)
    (color-rgba 0 0 0 1)
    (color-rgba 1 1 1 1)
    (color-rgba 0.070588235294117646 0.51764705882352946 0.43137254901960786 4.6699795070043302e-310)
    (color-rgba 0.070588235294117646 0.51764705882352946 0.43137254901960786 1)
    (color-rgba 0.15294117647058825 0.16470588235294117 0.20392156862745098 1)
    (color-rgba 0.015686274509803921 0.24705882352941178 0.21176470588235294 1)
    (color-rgba 0.76444444444444448 0.73571364653243865 0.046174496644295321 1)
    (color-rgba 0.0013124533929903034 0.097777777777777741 0.079161662545625761 1)
    (color-rgba 0.014964629058588797 0.24774774774774777 0.21255960189938647 1)
    (color-rgba 0.10588235294117647 0.062745098039215685 0.87058823529411766 4.6495465073809479e-310)
    (color-rgba 0.10733959731543652 0.064310216256524985 0.87111111111111117 1)
    (color-rgba 0.17437908496732049 0.14509803921568631 0.69411764705882351 1)
    (color-rgba 0.14502609992542875 0.83111111111111113 0.69389410887397451 1)
    (color-rgba 0.15272184936614469 0.71111111111111114 0.59943325876211773 1)
    (color-rgba 0.10565249813571961 0.7155555555555555 0.61557144778181205 1)
    (color-rgba 0.08996916379466717 0.41891891891891897 0.36499272955428763 1)
    (color-rgba 0.11805429590664489 0.31981981981981977 0.28674350442421737 1)
    (color-rgba 0.0026301469254489352 0.13063063063063063 0.10964694477732219 1)
    (color-rgba 0.0082532196626156247 0.40990990990990994 0.34406455085297655 1)
    (color-rgba 0.011487998065179255 0.34234234234234229 0.28810392524772549 1)
    (color-rgba 0.026241006106777914 0.27927927927927931 0.23779759515263982 1)
    (color-rgba 0.032438478747203583 0.16666666666666663 0.1446620456962629 1)
    (color-rgba 0.0074974303162222682 0.13963963963963966 0.11797698237350571 1)
    (color-rgba 0.014148376564483945 0.17567567567567566 0.14919579057548032 1)
    (color-rgba 0.0078431372549019607 0.24705882352941178 0.20784313725490197 1)
    (color-rgba 0.023529411764705882 0.63529411764705879 0.51764705882352946 1)
    (color-rgba 0.6470588235294118 0.13725490196078433 0.10980392156862745 1)
    (color-rgba 0.027450980392156862 0.32156862745098042 0.25882352941176473 1)
    (color-rgba 0.63963963963963966 0.60784909705642542 0.051514601850172315 1)
    (color-rgba 0.025757300925086154 0.31981981981981977 0.25744292187245205 1)
    (color-rgba 0.019607843137254902 0.63529411764705879 0.51372549019607838 4.6442674747924238e-310)
    (color-rgba 0.15294117647058825 0.16078431372549021 0.20784313725490197 4.6442674747924238e-310)
    (color-rgba 0.6470588235294118 0.13725490196078433 0.10980392156862745 4.6442674747924238e-310)
    (color-rgba 0.019607843137254902 0.63529411764705879 0.51372549019607838 1)
    (color-rgba 0.0078431372549019607 0.13725490196078433 0.10980392156862745 1)
    (color-rgba 0.0094322510429893022 0.17567567567567566 0.15073916198077272 1)
    (color-rgba 0.011764705882352941 0.24705882352941178 0.21176470588235294 1)
    (color-rgba 0.013422818791946305 0.16666666666666663 0.14200673712360817 1)
    (color-rgba 0 0.3411764705882353 0.28627450980392155 1)
    (color-rgba 0.76126126126126126 0.74317215819120408 0.091964447669145688 1)
    (color-rgba 0.08162524941048431 0.48648648648648651 0.40060683013703158 1)
    (color-rgba 0.078431372549019607 0.48627450980392156 0.40000000000000002 1)
    (color-rgba 0.023529411764705882 0.63529411764705879 0.51764705882352946 4.6469538174776234e-310)
    (color-rgba 0.64835164835164827 0.13725490196078433 0.10980392156862745 1)
    (color-rgba 0.83986928104575165 0.52985041891476947 0.52985041891476947 1)
    (color-rgba 0.011764705882352941 0.14509803921568629 0.11764705882352941 1)
    (color-rgba 0.31764705882352939 0.65098039215686276 0.36470588235294116 1)
    (color-rgba 0.12156862745098039 0.12156862745098039 0.12156862745098039 4.677376514887868e-310)
    (color-rgba 0.12156862745098039 0.12156862745098039 0.12156862745098039 1)
    (color-rgba 0.062745098039215685 0.062745098039215685 0.074509803921568626 1)
    (color-rgba 0.38823529411764707 0.066666666666666666 0.066666666666666666 0)
    (color-rgba 0 0 0.065359477124182996 1)
    (color-rgba 0 0 0.26732673267326734 1)
    (color-rgba 0 0 0.059405940594059403 1)
    (color-rgba 0 0 0.15841584158415842 1)
    (color-rgba 0.87581699346405228 0.74062376628503745 0.74062376628503745 1)
    (color-rgba 0.75163398692810457 0.16142474887046543 0.16142474887046543 1)
    (color-rgba 0.090196078431372548 0.57647058823529407 0.81960784313725488 1)
    (color-rgba 0.38823529411764707 0.066666666666666666 0.066666666666666666 1)
    (color-rgba 0.99607843137254903 0.94901960784313721 0 1)
    (color-rgba 0.030793525463876835 0.03958209155487432 0.25490196078431371 1)
    (color-rgba 0.13159626266614027 0.15719302591414233 0.78431372549019607 1)
    (color-rgba 0 0.49803921568627452 0.25882352941176473 1)
    (color-rgba 0.25098040699958801 0.55686277151107788 0.3333333432674408 1)
    (color-rgba 0.92156862745098034 0.14901960784313725 0.12549019607843137 1)
    (color-rgba 0.61568627450980395 0.32941176470588235 0.60784313725490191 1)
    (color-rgba 0.792156862745098 0.74901960784313726 0.9137254901960784 1)
    (color-rgba 0.74509803921568629 0.76470588235294112 0.92941176470588238 1)
    (color-rgba 0 0.47843137254901963 0.24313725490196078 1)
    (color-rgba 0.6588235294117647 0.28235294117647058 0.66274509803921566 1))

# end of colorrc
